10.000000, 10.000000, 10.000000,
-256.000000, -256.000000, -256.000000,
256.000000, 256.000000, 256.000000,
-57.815842, -18.864946, -56.902927,
-15.120655, -7.307501, -45.563499,
-11.952795, -27.635248, -29.550346,
0.770577, 22.705311, 27.600283,
-9.784888, 13.850817, -4.203180,
-14.353609, 6.998437, -22.280165,
-6.535056, 4.383245, -25.028055,
16.684141, -28.813641, -36.013615,
17.545950, 9.483042, -24.498207,
-19.450359, -58.806614, -33.833023,
1.695095, 23.324518, -8.604311,
22.360109, 22.835732, -22.435663,
29.778164, -19.176933, -14.264951,
8.270911, 17.742764, 20.281044,
29.265388, 10.056613, 0.298176,
-14.939617, 9.495739, 46.674679,
13.868958, -4.064678, 43.230919,
24.774157, 25.859756, 7.569996,
13.139737, -1.049477, -28.813696,
-5.093284, 6.504974, -33.135906,
-16.731304, -20.126419, -5.291816,
37.901257, -28.874033, -3.078090,
55.216530, 27.507141, 61.874481,
23.510056, -22.914000, 38.966145,
12.406310, 43.502258, 83.725616,
38.580475, 53.254318, 79.950592,
28.923067, 57.950710, 69.030937,
5.045385, 41.035835, 56.727589,
22.362654, 39.101639, -4.426738,
3.675889, -27.091984, 26.815027,
5.993987, 21.356441, 15.643497,
9.692527, 21.877171, 13.187759,
59.804298, -24.329613, 63.921463,
70.941208, -17.414724, 56.660637,
252.644043, -79.667908, 173.722061,
245.163773, 78.757973, 158.878448,
13.746557, 88.899811, 74.530167,
-10.991397, 53.180756, 60.883537,
-14.239921, -2.854912, 18.294056,
12.113289, 12.127366, -17.378189,
19.172232, 3.269337, -18.388548,
37.059246, 5.232732, 30.097073,
31.803610, 12.353762, 55.102478,
105.720680, -234.982162, 179.281769,
109.479843, -89.899109, 197.554291,
103.244698, 91.391083, 204.568024,
61.928139, 245.065338, 177.816620,
-22.148304, 10.248237, 52.398048,
2.180313, -7.253483, 4.369463,
-8.076597, -16.444946, 15.668831,
20.138647, 25.466190, -3.341749,
-7.266459, 4.051542, 19.020351,
-1.106388, -44.918907, 48.312119,
-67.185898, -263.705811, 171.484146,
-98.512184, -109.579430, 196.408051,
-103.145584, 89.619919, 198.133942,
-91.415878, 237.229080, 171.769653,
-8.999603, 35.817375, 51.131393,
-33.772789, 4.191495, 56.002388,
16.845757, 1.590346, -18.548378,
26.688644, 28.092152, 20.834030,
13.217228, -41.634819, 38.412048,
31.793690, -22.846985, 33.530003,
-24.379103, -43.405216, 77.604179,
-251.131134, -78.602371, 167.516068,
-252.682343, 84.139137, 164.943314,
-73.192139, 14.488380, 100.942612,
0.361055, 33.076729, 49.850079,
6.823032, 17.405323, -2.657116,
-24.646851, -13.170771, -7.995625,
30.039667, 7.428841, -21.689434,
-18.018646, -38.542732, 19.789913,
15.987544, -55.641357, 49.625893,
-16.640978, -26.505524, 60.753700,
-46.017982, -22.866755, 43.141769,
-25.453083, -11.692274, 52.512985,
-47.731621, -15.689974, 49.232700,
-40.348595, -29.970390, 22.162029,
19.222328, -3.465080, -4.511434,
-23.965736, -29.449535, -5.062680,
17.995651, 17.307852, -36.661098,
0.207006, 10.694519, 19.744799,
26.956245, 18.506138, 40.835266,
21.846321, -48.689659, -1.913755,
-24.614441, -48.216850, 60.671631,
11.518599, -2.763074, -0.287630,
1.572659, -9.024787, 31.193790,
-32.916264, 19.431784, 17.323711,
-18.750040, 9.904848, -12.889923,
-10.805302, 18.351864, 2.321601,
-31.930429, 27.851208, -20.709148,
28.962637, 28.961664, -20.271996,
-28.384243, -25.261826, -14.285753,
-28.251913, 13.072375, 14.490199,
-9.375381, -3.163388, -20.545887,
-5.232878, -25.431023, 1.571263,
-30.230894, 1.063168, 29.407450,
-18.757320, -16.214996, -13.312946,
-12.709286, 17.694212, -9.543747,
34.597485, -17.103273, -7.956120,
-8.894348, -24.125725, -18.801483,
12.381393, -20.747828, -14.984369,
15.545584, -18.000446, -18.446926,
6.501860, 12.970098, 18.197636,
2.186745, 31.657337, 47.161682,
13.275368, 0.955067, -5.676508,
-15.705571, 53.658966, 39.444279,
-10.443867, -8.173595, -4.812982,
-29.025282, -23.391260, 10.097882,
-24.781803, -36.864132, -7.962588,
13.007067, 12.973927, 14.329846,
19.023672, 4.491922, 45.417473,
18.676748, -13.501871, 30.222597,
18.633183, -11.458084, 63.825119,
31.644428, 2.264643, 71.035782,
31.618896, 70.105980, 58.281818,
-1.972984, 70.637901, 63.734249,
6.929782, 47.316387, 40.060417,
29.408083, -1.073130, 20.155540,
0.948415, -12.589131, -22.122288,
32.196568, -22.540506, 4.115493,
53.750557, -0.143233, 16.211937,
24.590908, 15.558438, 29.303980,
45.518593, 30.608028, 35.303799,
19.393572, 16.965046, 46.049377,
0.220079, 19.742758, 62.219090,
42.992443, 64.392929, 49.484829,
-2.362232, 60.778633, 25.555658,
-20.870327, 56.021450, 12.910827,
-9.475601, -12.927229, -15.950867,
44.961590, -12.616588, 3.219520,
40.518410, -22.006657, 51.249146,
30.450178, -42.116524, 92.661942,
73.538002, -20.489246, 131.818939,
272.416809, -57.834305, 183.300995,
249.346436, 105.331566, 182.169098,
11.307081, 102.811050, 99.414238,
-42.855240, 74.652390, 83.400688,
-30.932167, 24.687357, 59.201500,
-24.710312, 44.302151, 14.602703,
44.986832, -49.144501, 25.231802,
56.735069, -17.502865, 19.946995,
29.721510, -5.105164, 86.659210,
96.621376, -261.740936, 176.790848,
140.328888, -132.752869, 244.957306,
134.583939, 138.002106, 240.233536,
59.685863, 271.980896, 191.107056,
-31.364864, 75.139793, 65.725082,
1.911158, 18.765913, 39.833153,
-47.825916, 40.904591, 53.633999,
45.828156, 3.224611, 37.096394,
32.981628, -48.446289, 73.873146,
56.651402, -71.613419, 90.274551,
-61.179417, -270.339935, 200.433258,
-132.949371, -136.295868, 245.410278,
-140.863632, 135.437805, 246.121231,
-101.080505, 258.015961, 173.686234,
-22.709063, 4.060514, 106.586411,
-31.167328, 34.153404, 49.179367,
-14.206376, 0.049335, 47.606667,
-7.251686, 5.659187, 15.789879,
39.387726, -73.327080, 11.203133,
36.282711, -68.402023, 58.899097,
-46.084515, -115.786270, 126.026749,
-245.462128, -112.999176, 194.585175,
-264.201416, 81.780464, 198.825821,
-73.796097, 41.616383, 108.217880,
-46.965050, -13.959657, 79.655357,
-29.818340, 33.334782, 12.251453,
-47.916862, 5.717364, 23.366417,
6.877475, -0.004988, -12.442444,
10.015734, -14.652367, 34.906464,
31.733322, -47.037533, 77.456635,
-34.469936, -72.094650, 45.787952,
-55.163559, -42.885269, 55.333096,
-34.497593, -40.618744, 88.236366,
-62.671745, -5.007607, 75.813797,
-49.829391, 6.741748, 16.975382,
-4.569408, -11.631796, 54.083611,
12.206442, 19.692780, 22.435883,
20.379704, -8.178873, -16.058788,
23.174503, -46.912296, 27.913509,
0.657905, -55.918644, 35.106426,
-10.518663, -69.782516, 59.505547,
0.765766, -7.760136, 69.847267,
-12.604408, -60.215012, 47.597221,
-47.572929, -11.291090, 25.361277,
-16.442890, 21.466957, 18.718636,
-20.568750, 17.287659, 31.167622,
28.233767, -24.597486, -28.714014,
-4.688188, 35.118011, -38.966724,
20.500259, 4.575602, 21.118963,
-1.899577, 15.610037, 7.345575,
9.155006, -9.839772, 5.202439,
-35.899162, -36.533539, -4.727932,
6.803999, -20.671389, 21.729694,
-9.479935, -27.316444, 40.190689,
-11.103029, 6.521237, 28.025631,
-15.109610, 21.370558, -20.782110,
34.209522, 6.425106, -15.151673,
-30.305096, 16.614309, 15.899155,
8.741302, -29.315994, 37.784260,
16.277491, 13.890582, 13.871656,
29.926247, -4.599890, 53.792946,
53.305458, 7.739124, 59.156754,
16.622143, 27.231609, 26.346806,
31.330238, 35.085609, 3.342426,
18.007587, 37.186829, 43.785858,
28.199490, -4.583124, 21.121290,
-28.561504, 9.529101, -33.168007,
8.252209, 12.491911, -3.535147,
59.859131, -30.032951, 0.079426,
52.834381, -13.356215, 9.700785,
52.900688, 28.741833, 28.597685,
79.980293, 27.117262, 76.983002,
57.835003, 40.597294, 85.203804,
41.087059, 60.330082, 17.916336,
39.727547, 67.527298, 56.670334,
-2.168010, 32.584087, 30.386341,
-2.578802, 2.488102, 23.239185,
36.530453, -12.794606, 1.073071,
72.280785, -32.164944, 63.102390,
103.403214, -14.980011, 52.806316,
95.788620, 51.800789, 56.214928,
91.582611, 59.145569, 88.843597,
80.661491, 80.829483, 87.116890,
52.291695, 103.897224, 93.660995,
-23.547688, 76.961945, 67.172798,
11.924331, 60.844124, 54.683628,
22.075155, 63.436401, 1.354009,
44.118572, -49.411720, 6.465446,
49.745419, -41.217010, 76.136932,
67.539337, 8.251127, 61.970634,
141.169708, -58.174538, 128.971634,
276.532227, -53.998711, 204.365158,
246.542206, 103.086716, 197.025330,
68.973831, 92.612518, 134.092117,
4.378788, 93.368179, 66.659706,
4.777407, 79.516701, 54.391640,
-49.106293, 51.356041, 6.350578,
30.440777, -64.289871, 40.150990,
79.188240, -69.480560, 86.831696,
100.804245, -41.067055, 117.040787,
101.362274, -259.795410, 185.438721,
150.000046, -150.000046, 256.000000,
150.000046, 150.000046, 256.000000,
51.642536, 278.879578, 205.718506,
-67.694435, 65.015564, 110.972122,
-42.590118, 60.056248, 45.731777,
-30.896404, 71.779106, 29.801285,
1.452522, -48.702446, 44.530960,
70.963394, -82.231758, 26.056505,
49.777920, -100.440872, 59.715652,
-59.601250, -289.876373, 186.465683,
-150.000046, -150.000046, 256.000000,
-150.000046, 150.000046, 256.000000,
-128.588608, 245.135727, 188.572540,
-53.778473, 50.226067, 116.348686,
-47.260468, 59.449989, 77.476181,
-48.819107, 33.212280, 36.346546,
23.247313, -66.736488, 23.410305,
38.798031, -86.606262, 18.514582,
19.715630, -80.010521, 89.141991,
-53.809921, -111.347900, 90.721832,
-249.250519, -118.610687, 205.988617,
-277.220215, 62.829132, 209.399017,
-124.734627, 28.734528, 120.394371,
-57.610245, -2.289026, 83.026779,
-52.542046, -0.683319, 41.817039,
-19.193373, 27.265026, 50.819977,
38.164486, -44.324947, 40.508560,
17.965361, -40.582611, 44.223236,
31.104904, -70.597466, 28.345840,
-52.759995, -106.511887, 60.959656,
-38.289703, -105.533173, 69.852623,
-87.063255, -45.687851, 75.596992,
-74.070068, -35.297649, 101.769852,
-80.317474, 29.041101, 69.286560,
-35.600933, 39.192535, 45.790977,
-11.008049, 35.630775, 46.176239,
-18.945662, -45.399933, -6.257954,
17.604429, -41.336159, 50.124222,
-4.121552, -83.541534, 61.885662,
-11.569019, -41.159203, 74.411148,
-75.028061, -78.350128, 71.397690,
-91.929741, -55.365303, 61.852486,
-44.737556, -24.016388, 64.239113,
-31.829567, -27.087093, 23.238556,
-30.849794, 27.693821, 32.457733,
1.050322, -11.712461, 2.027678,
-6.268374, 1.163138, -3.785420,
-32.328762, -38.641560, 9.216759,
-24.964510, -51.905033, 37.400467,
9.478251, -63.223129, 46.971466,
-9.019341, -30.724472, 32.239899,
-43.575459, -18.100063, 27.342316,
-47.788387, 8.522858, 6.080013,
-39.713909, -24.704599, 21.459827,
-21.161537, 8.680223, 19.033722,
-17.447872, -26.217813, 10.143336,
-15.693698, -1.290285, 8.509181,
29.009537, -23.596996, 32.873657,
63.281094, 1.216436, -12.838953,
82.549995, 43.031502, -3.689011,
39.833221, 25.625662, 41.262459,
46.554646, 50.768532, -1.434303,
21.067108, 87.226898, 51.107395,
-12.225345, 75.368927, -1.796015,
11.582733, 6.584429, 3.213579,
-19.796919, -3.296761, -1.183059,
32.034672, 4.379160, 37.626820,
43.688110, -11.731609, 21.738646,
51.181721, 44.778831, 30.458729,
59.146851, 15.099089, 33.910057,
54.452972, 43.999691, 24.208344,
32.316360, 83.614235, 15.159283,
20.719021, 80.174759, 65.543442,
26.396019, 89.525146, 22.383156,
-28.140760, 30.869171, 36.429108,
-9.208015, 48.233147, 18.574326,
41.763351, 12.311833, 28.337936,
74.347382, 6.032351, 22.841536,
76.354103, 24.045410, 26.308361,
105.564079, 26.963020, 94.119598,
78.563232, 57.201340, 67.182190,
68.483780, 105.025009, 105.446877,
58.423889, 108.623749, 59.656693,
0.228027, 92.817894, 53.714520,
-15.096720, 86.216820, 6.531303,
-21.433882, 57.589577, 5.451736,
76.389053, -33.733612, 30.330814,
81.258583, -63.688747, 43.806316,
122.908867, 1.235508, 82.647644,
136.961243, -40.040436, 97.550262,
298.634033, -46.954010, 208.391602,
277.236053, 126.451309, 200.299927,
38.237492, 151.541534, 84.761543,
-48.075249, 137.394897, 36.411636,
-62.760941, 100.011391, 41.236568,
-55.574226, 86.293365, 24.312710,
65.555267, -46.490631, 24.994181,
114.018616, -94.094902, 46.258461,
102.692734, -98.558388, 92.638191,
121.072227, -255.494705, 190.827454,
150.000046, -150.000046, 256.000000,
150.000046, 150.000046, 256.000000,
46.422108, 289.140625, 189.576920,
-41.514122, 120.323814, 45.102638,
-76.171059, 52.926441, 61.415176,
-26.637585, 58.180470, 16.866417,
55.677345, -87.888824, 14.513980,
66.940872, -61.731346, 74.356598,
87.592247, -99.408295, 93.110428,
-53.851368, -282.303162, 189.941742,
-150.000046, -150.000046, 256.000000,
-150.000046, 150.000046, 256.000000,
-140.846024, 281.665222, 204.625275,
-108.366341, 66.948067, 46.751129,
-86.363960, 71.336456, 22.133776,
-39.217266, 70.727020, 43.530167,
7.311485, -41.062901, -1.065933,
33.164738, -110.490906, 18.247486,
20.703871, -114.763611, 32.757820,
-38.804688, -143.569519, 129.502441,
-272.185425, -123.054520, 192.430176,
-295.404083, 46.296585, 195.611572,
-161.882141, 33.120850, 103.923660,
-110.625160, 25.833212, 59.966984,
-109.210327, 40.816254, 23.217026,
-28.734831, -1.474669, 28.726629,
-14.364318, -76.484711, 35.980282,
-4.889296, -79.007294, 14.946067,
-8.362071, -128.896469, 67.516701,
-9.334238, -103.956245, 85.800835,
-53.633469, -132.284836, 83.371063,
-111.323425, -81.063766, 93.140793,
-144.129242, -35.786709, 76.047630,
-78.184067, 28.660227, 61.068241,
-101.606331, 30.394281, 14.051403,
-77.153076, 40.721771, -12.672274,
10.848736, -59.218872, 0.118677,
2.088906, -62.146656, -4.621798,
16.903269, -48.274078, 24.542561,
-65.696907, -61.077026, 12.131372,
-51.164345, -91.367020, 39.590332,
-88.615372, -83.376007, 40.333141,
-92.519096, -39.758656, 32.568310,
-102.904861, -18.541340, 40.540833,
-46.166473, 7.473943, 45.024887,
-48.531990, -9.983913, 7.057498,
-25.424717, -22.819027, 9.764357,
-25.613239, -5.016079, 3.012314,
10.254716, -77.191574, -15.728548,
-18.784012, -31.192497, 7.055249,
-56.499382, -31.922981, 21.286022,
-26.146364, -59.014244, 20.100534,
-72.797958, -27.373327, 14.858210,
-72.149178, -24.524979, 1.388957,
-21.060814, -21.276787, -13.808580,
-22.853069, -6.367838, 1.450847,
32.850555, 0.538626, 30.632833,
58.127754, 33.577194, -21.794779,
82.086098, 31.640232, 32.191120,
48.344021, 35.954544, 2.031426,
62.256924, 49.471798, -12.912787,
36.643929, 58.826649, -9.154037,
41.935047, 77.494720, 38.702518,
-0.223125, 60.313957, -10.057087,
-1.404207, 42.438766, -5.966295,
2.063655, 0.222040, -9.905719,
44.375389, -14.600454, -12.266191,
50.754875, 5.430147, -20.935785,
105.655632, 26.637087, -4.545170,
136.130890, 33.155060, 24.599043,
119.100929, 68.435730, 29.092943,
105.754379, 81.053284, 2.548544,
66.178299, 103.098511, 4.042142,
8.184517, 88.267654, -2.288149,
3.493814, 58.001083, -2.224740,
3.610466, 27.417389, 16.475096,
41.617844, -47.237015, 9.108258,
124.617973, 12.768150, 10.759012,
104.794426, 23.145870, 34.849522,
164.843292, 21.166134, 15.849611,
155.290710, 115.131683, 10.728172,
58.366249, 140.349396, 30.358915,
52.606205, 173.255798, 28.572023,
-10.024344, 147.978210, -4.642069,
-12.340436, 98.563385, 31.480110,
-22.564524, 71.086891, -5.091121,
63.269588, -34.732574, -12.760843,
93.249901, -26.804276, -12.928796,
174.253937, -32.816902, 30.933483,
189.455688, -56.140934, 89.942802,
315.619171, -53.427162, 158.038574,
271.995514, 169.291809, 157.496078,
43.888821, 181.145432, 56.603428,
-7.717829, 116.015152, 29.036766,
-62.782181, 77.549248, 17.346684,
-22.952591, 38.672035, -2.961925,
76.857475, -61.930511, 23.244381,
130.865067, -81.951088, 43.483513,
111.168922, -69.881302, 32.947895,
170.131012, -275.146088, 175.653946,
150.000046, -150.000046, 256.000000,
150.000046, 150.000046, 256.000000,
29.498810, 320.903564, 174.776474,
-108.736687, 119.428513, 57.591167,
-45.184410, 131.450912, 1.816213,
-46.133621, 66.342903, 31.190636,
75.575920, -52.262749, 21.478989,
67.192780, -82.528313, 38.735611,
102.869011, -148.879883, 27.063461,
-44.696823, -323.340424, 159.651108,
-150.000046, -150.000046, 256.000000,
-150.000046, 150.000046, 256.000000,
-171.189392, 275.648438, 166.036728,
-159.352783, 70.765335, 43.680389,
-86.650452, 80.581261, 39.999535,
-43.580311, 78.555298, 38.399620,
37.140285, -59.720047, -12.580772,
37.222744, -97.311111, 33.644508,
67.665726, -126.638725, 50.537537,
-56.072643, -212.624100, 78.454330,
-286.702393, -157.488663, 177.443787,
-330.644714, 44.013824, 167.115463,
-186.103287, 44.963978, 48.721619,
-165.723938, 31.469116, 45.611992,
-81.910812, 68.827377, 44.638367,
-76.805717, 15.476900, -14.016592,
21.483072, -70.561699, 9.713465,
-15.407522, -96.502747, -19.595627,
25.976936, -94.487984, 23.844419,
-5.463032, -122.486778, 33.393169,
-111.044266, -124.751190, 9.686584,
-138.378036, -117.707588, 51.395557,
-153.914078, -38.280323, 19.641087,
-99.099899, -31.028191, 3.721286,
-83.415077, 26.276665, -7.252875,
-74.609840, 26.449268, -19.362186,
27.291451, -62.307987, 33.563728,
-0.333020, -49.374268, 14.109456,
-34.882439, -77.653603, 16.290768,
-34.136784, -118.189163, 0.476470,
-103.292969, -111.200203, -3.152117,
-91.161659, -67.552895, 43.740990,
-104.816414, -64.908432, 40.218155,
-68.089981, -39.213726, 10.524141,
-62.685585, -6.086231, 12.336798,
-66.930573, -10.059624, -20.259823,
5.793156, -3.210123, 2.869815,
11.335052, -34.911289, -14.640493,
-7.154613, -72.448441, -22.857922,
-8.177603, -93.671288, 38.836300,
-25.382133, -38.577843, 7.220516,
-50.521408, -46.227551, -9.362456,
-45.207386, -58.358219, 39.948410,
-62.463219, -43.652905, 1.924945,
-63.668499, 1.927048, 8.557072,
-16.917011, -23.109108, 13.961185,
38.693672, 0.700522, 15.681033,
42.274479, 7.927260, -27.359081,
51.359909, 24.395060, 7.126250,
58.251637, 32.278381, -15.031754,
58.406296, 78.157417, 17.437500,
77.169159, 63.640141, 6.359695,
10.098244, 76.473022, -32.547150,
-6.982887, 86.201027, -6.640157,
-12.160406, 15.346729, 6.071439,
26.497955, 10.926085, -2.549920,
68.132721, -25.887680, 15.073380,
72.528290, -15.457599, -24.936399,
88.745071, 1.255601, -27.351097,
86.211578, 15.887928, -27.976753,
98.238190, 59.333679, -9.870522,
44.034069, 117.503624, -9.689497,
53.752537, 125.190742, -24.062984,
11.091471, 76.614708, -1.386031,
-31.505041, 91.513977, 15.463577,
-26.157360, 8.256622, 20.859926,
86.809509, -39.015236, 12.357748,
121.036736, -31.516300, -19.492384,
152.519409, 11.790673, -28.827641,
131.219254, 52.926346, -14.888081,
167.077240, 92.850174, -1.977547,
105.831764, 117.508469, -2.601370,
66.418556, 170.572311, -11.270314,
27.220505, 99.765488, -46.130554,
-32.039925, 94.679451, -31.818211,
-0.210804, 67.078049, -26.079443,
89.389870, -25.610897, 0.131091,
135.262512, -25.162483, 7.606854,
169.459991, -64.768982, -36.568089,
186.021820, -52.790142, -11.812773,
309.190430, -42.432159, 99.865814,
285.814423, 152.115540, 95.929306,
27.088600, 226.517471, -28.439888,
-64.771698, 148.195313, -53.264641,
-42.741764, 115.128128, 7.728265,
-46.105148, 70.978928, -29.340473,
92.150620, -42.891064, -40.770752,
117.663330, -93.311096, -5.743142,
152.293137, -70.062126, -14.425741,
155.551239, -285.673676, 123.193382,
150.000046, -150.000046, 256.000000,
150.000046, 150.000046, 256.000000,
34.357365, 313.895508, 105.370987,
-93.011169, 107.554657, -52.927490,
-58.856659, 124.617516, -17.223318,
-59.594826, 80.487900, -1.067691,
80.728104, -38.710590, 18.359066,
75.123718, -127.060349, -15.999454,
98.913422, -151.467636, -45.155136,
-34.012123, -326.587708, 95.150337,
-150.000046, -150.000046, 256.000000,
-150.000046, 150.000046, 256.000000,
-155.572968, 279.817444, 106.724518,
-157.195526, 117.726616, -57.093483,
-92.516640, 80.906052, -39.531708,
-37.939198, 63.946499, 21.126759,
11.014978, -74.340683, -30.722149,
32.369747, -112.341858, -24.984909,
4.999285, -158.116180, -32.713490,
-42.896755, -212.823975, -41.767342,
-293.201324, -151.197632, 99.279358,
-315.054138, 28.376041, 123.320633,
-220.077423, 28.089973, 13.569581,
-119.619110, 47.884686, -2.672571,
-90.038422, 62.294594, 9.315486,
-50.075768, 7.728863, -29.474085,
-0.289291, -62.241829, -36.508179,
37.876236, -75.887527, -39.355793,
17.782204, -125.700203, 10.183382,
-45.670280, -148.543777, -54.243591,
-68.698906, -130.851303, -13.394548,
-116.300270, -79.235619, -61.073254,
-169.577515, -38.527805, -29.425333,
-119.252342, -2.082669, -35.559708,
-78.867126, 8.138365, -42.300560,
-46.389847, -12.738312, 6.914815,
18.252651, -33.977425, -21.602671,
29.365114, -56.469833, -27.876539,
-39.990150, -90.785591, 14.794049,
-15.100405, -85.267418, -41.299133,
-104.920670, -114.581154, 13.841274,
-119.392776, -63.181995, -23.751450,
-97.621384, -49.503052, -12.831114,
-64.497238, -1.369931, 5.159970,
-47.389488, 5.945330, -8.643711,
-65.460632, 18.558109, 18.039989,
14.571893, 1.303228, -24.710947,
24.671099, -28.716137, 8.393621,
-27.301420, -88.638565, 18.090645,
-6.166885, -58.257195, 12.693947,
-36.740646, -44.317711, -40.584873,
-59.321571, -82.836685, -34.659130,
-56.117977, -59.375412, 5.194038,
-49.933018, -43.046768, -25.576862,
-30.072229, -10.259449, -34.851765,
-2.437684, 9.118673, -25.842331,
23.652630, -28.754797, -19.567909,
3.084082, -4.995765, -17.162523,
73.166054, 14.343920, -18.075199,
77.588707, 57.126968, -8.650569,
59.350899, 53.862709, -3.058949,
75.463867, 64.180534, -28.486021,
24.646358, 78.799744, -52.439156,
1.396138, 31.167999, -16.327696,
27.700476, 46.518921, 15.484916,
19.426275, -10.463870, -1.373152,
59.605522, -28.812359, -29.758274,
60.273636, 20.140928, -33.252636,
107.240112, 11.646703, -60.067696,
69.249786, 39.463024, -33.131210,
96.190819, 40.408661, -16.476391,
81.556137, 82.475266, -69.535950,
26.867458, 86.442352, -61.687065,
7.987271, 56.388966, 0.908886,
3.238511, 52.473808, -11.499671,
6.981833, 8.943958, -35.578785,
62.756592, -22.937380, -4.718240,
75.924217, 2.884013, -29.764685,
115.186935, 6.447664, -28.126944,
127.567467, 20.274910, -83.269157,
113.287437, 46.112373, -62.988071,
83.737862, 121.636169, -73.769234,
36.083836, 105.914375, -81.514404,
-5.907476, 118.736771, -52.160271,
1.307686, 50.791306, -58.180683,
16.512760, 68.357460, -1.661557,
65.724388, 2.151676, -28.950920,
66.522018, -58.258705, -20.923735,
118.393227, -22.406221, -35.233284,
170.504211, -44.423733, -35.868637,
288.816223, -52.155281, 82.644798,
275.716431, 123.311630, 71.123978,
13.111870, 190.841339, -72.290451,
-57.545231, 127.966614, -94.597610,
-26.416765, 91.518936, -44.563675,
-43.320072, 47.749481, -30.907717,
38.359161, -32.969368, -26.743389,
95.161247, -35.086384, -48.545929,
121.539803, -85.421112, -47.669289,
127.352547, -281.727722, 70.655121,
150.000046, -150.000046, 256.000000,
150.000046, 150.000046, 256.000000,
45.627357, 294.375519, 74.315681,
-94.780960, 135.170593, -52.657875,
-74.072159, 87.595322, -42.730076,
-59.371960, 74.459579, -41.350914,
54.345173, -79.684723, -27.299631,
31.800949, -89.256996, -49.838051,
75.541489, -77.256256, -88.968773,
-54.596481, -299.937042, 69.698692,
-150.000046, -150.000046, 256.000000,
-150.000046, 150.000046, 256.000000,
-123.030708, 264.566223, 76.203003,
-109.657921, 49.753040, -80.666100,
-63.018417, 52.284615, -73.595360,
-65.628166, 46.142700, -7.663666,
3.495928, -84.827148, -32.454353,
65.600891, -89.794319, -42.019547,
8.900118, -135.771088, -93.532936,
-28.069721, -147.035461, -50.047516,
-280.375732, -138.734024, 67.304794,
-284.966919, 41.763134, 74.084999,
-141.308273, 30.872211, -82.825661,
-124.572182, 0.088930, -39.709297,
-62.806587, 9.293905, -50.019257,
-64.599388, 10.617388, -5.421424,
-7.279449, -65.355309, -36.308334,
-13.143590, -105.414795, -15.284629,
-1.681795, -99.464615, -61.825073,
-19.692795, -94.469841, -47.677277,
-66.695587, -121.471756, -88.812614,
-95.130653, -60.097652, -83.392159,
-92.982697, -47.523781, -58.237255,
-135.050110, -22.842844, -71.283577,
-101.145004, 36.805672, -41.276756,
-77.599846, 23.527840, -36.546913,
27.903477, -4.007631, -23.971161,
-23.727905, -48.698944, 2.393429,
-12.962835, -48.570381, -23.784803,
-18.776457, -86.469971, -35.410698,
-95.541725, -67.176208, -57.782684,
-74.527023, -53.075268, -67.622925,
-114.286606, -13.926464, -61.038303,
-48.933006, -39.279995, -27.069899,
-54.020267, 21.378553, 2.536558,
-36.345924, 24.740477, -12.183831,
-22.187326, 1.522687, -26.589031,
9.760078, -60.531059, 9.093478,
1.468235, -37.712074, -11.665306,
-23.205908, -60.648457, 7.184231,
-45.723755, -41.784359, -27.377810,
-43.913826, -63.051559, -54.664154,
-68.018288, -35.604145, -19.347284,
-68.249634, -16.626453, 13.160721,
-17.246597, -14.871603, -7.328633,
-26.184002, 18.153313, -17.192278,
-2.890749, -10.927925, -24.814573,
16.528734, 10.506132, -32.075935,
37.077152, 3.529407, -29.284702,
22.165670, 4.667562, -50.195232,
45.923084, 12.891039, -13.076286,
31.390551, 53.532078, -41.989594,
34.869785, 69.449478, -0.482685,
6.307471, 34.152302, 9.097095,
-14.969684, -14.168413, -25.902370,
10.738414, -21.478062, 11.646361,
27.977009, -5.531476, -29.910845,
48.209885, -2.066333, -33.066242,
55.192867, -7.383941, -47.757751,
88.016975, 41.572750, -23.869417,
74.958595, 53.652084, -75.724838,
63.885853, 64.799461, -26.199352,
56.604759, 45.316696, -54.071495,
10.249743, 58.861755, -60.857246,
-5.862239, 55.373119, -46.787773,
-33.710606, 48.190125, -9.700554,
34.782482, 8.213072, -18.588585,
74.866753, 8.210328, -2.905970,
79.835251, -11.621774, -23.854139,
88.342728, 12.949354, -70.108643,
86.616508, 46.549198, -93.867554,
25.903883, 63.193653, -74.076286,
2.262867, 96.838936, -53.053276,
-27.052162, 86.525490, -28.820707,
-30.021061, 39.430733, -11.802120,
-40.996586, 33.165718, -42.814796,
72.091530, -48.293015, -23.991701,
35.102264, -11.286222, -71.628372,
114.029526, -19.600805, -100.570244,
98.224693, -56.215565, -60.429382,
286.969543, -73.138977, 83.594879,
254.125748, 123.541969, 68.522491,
29.636946, 137.587006, -80.939346,
-49.388741, 67.583237, -47.636116,
-25.261217, 51.927399, -33.833607,
8.375296, 66.027618, -29.285511,
61.699692, -45.980118, -15.226688,
77.936569, -63.015301, -26.826805,
60.856289, -18.130898, -113.649292,
99.910736, -264.517334, 90.309784,
150.000046, -150.000046, 256.000000,
150.000046, 150.000046, 256.000000,
77.246826, 283.648621, 74.119064,
-66.529419, 84.949043, -95.383743,
-47.421314, 64.128586, -72.554977,
-13.638191, 35.891060, -59.426140,
24.701797, -67.950424, -37.462574,
39.599255, -34.709106, -59.553528,
66.527664, -101.752724, -69.199036,
-58.283211, -261.873810, 77.195923,
-150.000046, -150.000046, 256.000000,
-150.000046, 150.000046, 256.000000,
-100.425583, 266.757324, 64.674614,
-68.930214, 68.169250, -106.126259,
-56.421436, 41.812794, -81.270477,
-12.712204, 7.687025, -25.869408,
4.415548, -72.707420, -29.087919,
8.530777, -61.428162, -37.125381,
16.988651, -64.065033, -52.709751,
-59.199089, -141.505844, -60.730591,
-250.046417, -111.195282, 92.416779,
-267.372986, 75.721550, 63.953308,
-126.706665, 36.618649, -81.520561,
-96.324623, 18.535797, -98.913116,
-95.479408, 8.724489, -34.787395,
-53.567467, 24.773062, -9.964908,
8.573060, -64.506241, -23.075026,
22.952156, -58.476826, -33.448093,
3.311406, -46.209221, -58.529140,
-37.660881, -57.532001, -81.938591,
-57.124008, -56.301563, -67.006828,
-96.182503, -29.539896, -83.729195,
-61.355724, -33.648308, -46.626415,
-58.835545, -18.726646, -82.920059,
-38.220901, -7.526128, -29.380905,
-1.677185, 21.807041, -10.881372,
19.555321, -1.197392, -38.101341,
-17.242384, -40.568691, -51.772133,
-4.051293, -29.712309, -37.538795,
-22.383131, -38.007561, -37.335045,
-53.123653, -61.191006, -66.597855,
-91.507133, -23.007784, -72.553513,
-58.500488, -52.787766, -61.184891,
-47.350456, 10.134213, -60.143425,
-63.538422, -23.227688, -25.213598,
-1.920607, 31.433859, -3.176950,
-23.888821, 5.256983, 19.536486,
-26.124140, -43.683704, -17.814039,
-40.993576, -47.292484, -2.975492,
-17.488724, -42.104176, -8.357269,
-22.616301, -17.044600, -53.893559,
-71.361908, -5.154737, -41.691452,
-67.622269, -34.512432, -20.452484,
-54.785889, -33.691792, -0.479935,
5.439661, -7.452564, -3.003343,
-14.841510, 28.731354, 18.191471,
-41.772667, -14.522666, 40.892456,
10.626788, 19.335638, 3.563584,
39.042801, 7.702955, -27.969622,
24.378138, 20.310993, -15.879195,
-4.849043, -2.567476, -6.514849,
31.269060, 52.184509, -28.387695,
27.740349, 2.330551, 5.164476,
-1.142019, 16.175310, -1.328801,
-10.363740, 4.701331, -18.940964,
16.458761, 6.306507, -9.003424,
-18.622786, -4.346582, -6.290214,
11.011960, 28.995125, -14.559898,
36.464581, -1.839363, -28.401213,
71.008865, 11.495548, -28.204372,
54.645973, 30.124149, -39.305378,
60.135796, 15.219788, -55.469501,
42.848869, 62.489040, -69.512070,
-24.472572, 62.421955, -34.471676,
-7.787903, 20.564890, -4.311173,
-23.611048, 4.581890, 31.208176,
11.598851, -9.304347, 0.185536,
25.892567, 15.427105, -29.336761,
70.472542, 19.039347, -30.826071,
46.972839, -12.869906, -81.047195,
36.158482, 35.411625, -48.221859,
26.167522, 47.588711, -101.870506,
36.959995, 36.556023, -46.240952,
16.668015, 32.422150, -17.095348,
2.699905, 12.088980, -27.535997,
13.622131, -3.239317, 9.604090,
5.411459, -33.006294, -32.252895,
42.540783, 14.899115, -34.651920,
39.323734, 1.287151, -59.420551,
77.453247, -20.105375, -74.615860,
251.750565, -60.679153, 102.664078,
259.809479, 107.698540, 94.509903,
48.735966, 78.395256, -56.811569,
14.907866, 51.350487, -74.650711,
-37.610962, 25.773783, -67.651306,
-8.906488, 3.361656, -11.152513,
36.901321, -28.368967, -36.857914,
55.056374, -11.531206, -68.818794,
23.473164, -38.027462, -107.138237,
95.565697, -251.815979, 81.005920,
135.738235, -137.777237, 220.843826,
136.887131, 134.927551, 219.742218,
57.472206, 251.994644, 86.904861,
-6.270630, 64.815765, -74.144791,
-27.098171, 63.509811, -50.932156,
-33.296185, 34.922649, -40.805607,
-0.315575, -41.245575, -30.477505,
16.817062, -19.734840, -29.707273,
42.930679, -45.201580, -92.466408,
-74.369682, -266.675659, 100.075706,
-136.409409, -140.619553, 220.476425,
-138.367920, 137.281372, 220.618195,
-89.269310, 265.552734, 87.103783,
-45.590797, 51.856018, -54.258423,
-46.814865, 28.407322, -24.537008,
-27.290047, 37.104946, -34.091003,
-9.278109, -45.857044, -49.612747,
-10.490988, -18.507992, -49.038437,
45.026451, -81.618980, -50.119843,
-57.587227, -73.438919, -48.860558,
-263.497894, -98.777382, 85.813660,
-262.551086, 76.080238, 91.402031,
-101.968399, 20.353931, -80.996399,
-59.978401, 44.098232, -89.876541,
-14.795858, -11.124578, -55.684284,
-8.710828, 0.232818, -24.810087,
-10.884308, -13.413390, 10.786566,
15.668571, -60.214123, 2.937803,
-10.390489, -48.556561, -44.938774,
-19.758942, -53.323433, -89.995789,
-22.802357, -47.118992, -74.070877,
-45.167736, -8.284279, -46.882992,
-55.838570, -5.978317, -94.872185,
-25.702374, -3.265713, -57.627853,
-8.131241, 24.308384, -4.184057,
-6.143937, -10.246897, 12.236238,
11.478710, 7.984594, -28.165564,
7.660103, -51.551926, -35.634159,
-4.156283, -15.838181, -59.887115,
-8.458527, -60.325432, -45.832336,
-59.851540, -37.432285, -21.880184,
-19.325396, -19.949879, -63.950371,
-37.509468, -22.030525, -22.714182,
-52.012222, -28.897196, -37.790585,
-42.411301, -6.004373, -20.260042,
10.931373, -9.258340, -11.539128,
15.771271, 48.540863, 26.709631,
28.602541, -26.329903, -14.337234,
-4.641379, -35.105003, 12.398209,
-36.826000, -11.766334, -5.607569,
-26.528053, -33.327591, -38.788406,
-28.270878, 7.981386, -43.385319,
-53.713387, 20.240162, -5.743475,
-21.197107, 20.537066, -36.429993,
6.401821, -7.106414, 1.819201,
30.955807, -17.245121, 35.934471,
-9.081606, -23.963467, 48.400116,
-45.551712, 12.884941, 1.591108,
-24.379135, 18.388372, 20.692707,
-22.449516, 22.374971, -7.084731,
-3.233321, 26.280130, 18.666264,
13.854965, -7.237359, -11.179564,
-12.791400, 32.493446, -35.601273,
22.218067, -4.928820, -17.609859,
-32.040733, 4.575245, 35.837093,
-6.762281, -65.890717, 50.907715,
-31.580879, -16.846519, 42.097931,
27.214455, -6.629163, 19.377836,
4.323226, -12.733011, 5.382333,
39.546616, 15.538123, 3.036894,
41.368607, 25.484766, -48.183907,
13.140525, 6.861106, -19.683750,
-20.106575, 11.374168, -54.210426,
-1.514461, 40.497272, -8.857940,
25.720295, 7.912673, -20.733858,
-5.590760, -42.169632, 18.602352,
-10.563744, -9.252350, 18.573639,
-5.216840, -13.939130, -30.204926,
44.328850, 28.799929, -18.033615,
7.183184, -3.383866, -13.094269,
40.015068, 46.667572, -45.888977,
-13.647018, 1.188536, -62.172665,
9.163752, 28.030344, -44.326977,
15.698473, 55.054039, -57.454681,
-4.831016, 39.116055, 17.749668,
-21.153103, -24.533630, 35.369854,
-15.733918, 12.669696, 12.280161,
47.844910, 22.491028, -13.591690,
51.001808, -7.504261, -12.883123,
55.621010, -64.084938, -36.591194,
254.823441, -81.117607, 107.514862,
261.928802, 103.952408, 110.098236,
37.607849, 62.535431, -17.027328,
-26.749632, 48.499718, -63.854969,
-6.953331, -0.896837, -36.250278,
-24.445093, -3.439648, 17.593418,
6.425247, -16.693083, 20.975626,
49.490643, -43.778950, 1.094893,
37.455639, 9.014351, -37.106464,
96.646233, -247.532974, 97.968887,
113.305534, -106.309341, 143.829300,
102.360580, 113.303947, 131.933762,
60.613407, 251.382263, 109.345879,
0.976826, 31.358150, -50.841347,
4.174728, 31.496403, -29.272211,
14.559082, 12.644592, -4.120369,
19.437906, 3.340381, 2.539458,
38.543949, -2.553524, -56.321327,
16.938862, -53.704311, -37.126484,
-85.556541, -241.227219, 98.649170,
-100.754288, -104.868179, 145.319473,
-92.543663, 95.725876, 131.663986,
-90.685944, 245.071533, 90.687271,
-17.664152, 23.873943, -33.338196,
-3.981336, 30.724905, -13.728140,
5.511490, -5.477540, -19.995872,
-22.549320, 3.869310, -15.535420,
-15.474490, -31.778687, -13.505176,
22.223547, -29.594723, -36.852692,
-57.492989, -91.015289, -9.523354,
-233.745529, -95.797737, 107.408737,
-247.770264, 63.792122, 117.596405,
-54.570847, 55.172310, -5.121622,
-20.457378, 16.550129, -18.292389,
5.006460, 15.218773, 1.562996,
26.023314, 20.502071, -28.077858,
16.839546, -15.099851, -0.603501,
21.759895, -22.806772, -2.572141,
-28.558998, -21.010746, -49.156281,
19.928091, -34.561798, -23.238487,
-40.747322, -20.103235, -49.086224,
1.355595, -7.735529, -39.036858,
-56.936569, 10.626583, -60.106823,
-28.603359, -24.517029, -6.505014,
17.483440, 28.591669, -28.933994,
27.174877, -10.245930, 13.142347,
14.771048, 14.234830, 44.683659,
8.437202, -9.638873, 21.120932,
-13.738770, -42.072254, 9.208787,
-22.695211, -43.693443, 2.803419,
-23.021729, 5.853203, -6.736876,
5.883883, 12.126513, -52.478210,
-41.986919, -23.823771, -23.382711,
10.711429, 7.296221, -3.049661,
-5.579490, 2.145396, 20.371532,
-10.399073, 12.661794, -4.998822,
-17.102558, 52.203705, 18.841970,
-6.740592, 40.794983, 11.443160,
-29.187510, -23.300880, -19.779764,
3.301990, 23.384554, 27.117378,
11.237772, -38.088531, -12.931052,
10.148570, 23.014585, -12.641003,
12.427880, -10.738635, 0.783877,
26.893497, -23.471176, -9.698465,
-5.026558, -0.933231, 31.011435,
18.876270, 10.616828, 30.352240